0.000657649
0.001939643
0.004079193
0.007552414
0.013390297
0.024174777
0.048297816
0.131857422
2.001120395
0.031406209
-0.039404129
-0.040244843
-0.037941853
-0.035978552
-0.034578541
-0.033645444
-0.033076217
-0.032795481
-0.032752412
-0.032914175
-0.03326093
-0.033782579
-0.0344768
-0.035348034
-0.036407178
-0.037671867
-0.039167403
-0.040928364
-0.043001145
-0.045447859
-0.048352211
-0.05182861
-0.056036539
-0.061204091
-0.067668027
-0.075945684
-0.086872133
-0.101883039
-0.123658549
-0.157795352
-0.218016054
-0.347430529
-0.749739532
-1.876633099
-0.019125665
0.116285404
0.107360424
0.091165388
0.077733981
0.067281781
0.05911226
0.052619653
0.047366956
0.043047392
0.039443967
0.036400524
0.033802547
0.031564452
0.029621189
0.027922519
0.026429094
0.025109712
0.023939334
0.022897677
0.021968155
0.021137104
0.020393193
0.019726962
0.01913049
0.01859711
0.018121209
0.017698054
0.017323657
0.016994674
0.016708321
0.016462304
0.016254769
0.016084263
0.015949706
0.015850361
0.015785833
0.015756062
0.015761321
0.015802232
0.015879784
0.01599537
0.016150818
0.016348451
0.016591161
0.016882498
0.017226786
0.017629281
0.018096364
0.018635794
0.019257044
0.019971747
0.020794281
0.021742578
0.022839228
0.024113036
0.025601243
0.027352767
0.029433062
0.031931607
0.034973789
0.038740534
0.043502079
0.049679105
0.057959936
0.069540886
0.086656041
0.113812498
0.16038829
0.237065512
0.22779002
-0.002004074
-0.068490206
-0.068891365
-0.060632899
-0.052724851
-0.04626151
-0.04109844
-0.036950555
-0.0335758
-0.030792254
-0.028466539
-0.026500638
-0.0248217
-0.023374807
-0.022117947
-0.02101853
-0.020050938
-0.019194784
-0.018433667
-0.017754252
-0.017145599
-0.016598652
-0.016105861
-0.015660881
-0.015258348
-0.014893701
-0.014563038
-0.014263004
-0.013990706
-0.013743634
-0.013519605
-0.013316713
-0.013133291
-0.012967877
-0.012819184
-0.012686081
-0.012567573
-0.01246278
-0.01237093
-0.012291342
-0.012223419
-0.012166638
-0.012120544
-0.012084743
-0.012058899
-0.012042726
-0.012035986
-0.012038487
-0.012050081
-0.012070659
-0.012100152
-0.012138528
-0.012185795
-0.012241996
-0.012307212
-0.012381562
-0.012465204
-0.012558334
-0.012661192
-0.01277406
-0.012897266
-0.013031188
-0.013176257
-0.013332961
-0.01350185
-0.013683544
-0.013878736
-0.014088204
-0.014312819
-0.014553554
-0.014811502
-0.015087884
-0.015384071
-0.015701605
-0.016042221
-0.016407878
-0.016800791
-0.017223473
-0.017678788
-0.018170003
-0.018700867
-0.019275697
-0.019899485
-0.020578035
-0.021318132
